30
0
0
301
0
68
19
11
94
0
1
9
1
25
220
58
5
4
20
10
92
90
7
65
8
175
12
66
315
52
36
74
3
62
44
81
68
68
2
19
3
5
106
1
46
120
21
4128
207
107
1
0
0
0
140
96
208
71
0
42
131
4
102
42
67
49
0
119
149
0
1
10
0
17
4
345
9
2
121
17
207
24
0
94
106
11
102
246
25
205
85
88
2
0
0
27068
45
6
91
8
3200
36
0
10
60
52
0
29
37
56
54
25
43
11
47
54
0
12
218
81
113
350
49
34
77
5
20
12
22
23
7
1
193
251
24
532
1
1
201
84
174
97
14
19
4
1
44
2
3
68
12
0
1
13
27
71
3734
0
32
13
16
0
0
26
48
11
207
121
149
84
0
2
95
103
39
26
200
11
18
1
141
31
9
36
66
4286
16
111
2
6
35
85
89
53
8866
6
8
4
22
0
46
441
10
5
12
157
37
33
153
91
31
4
40
6
1
36
45
28
12
0
0
75
21
8
512
32
9
11
0
61
37
6
53
6
8
298
0
241
244
3010
8681
18
46
32
0
15
582
0
395
29
10
9
3
4
3
73
168
23
43
1
13
1
16
61
38
19
0
2
13
0
52
1060
8
36
1
42
56
5
14
25
53
56
2
1
125
166
11
51
116
65
58
18
0
226
58
36
396
44
26
10
244
15
593
33
2962
30
21
6
229
0
79
18
475
21
22
14
30
58
144
