32.7270, 117.1647
92101
32.8844, 117.2338
92093
32.5967, 116.9028
92154
32.9437, 117.2088
92130
32.8981, 117.2029
92121
32.9185, 117.1382
92126
32.7498, 117.1677
92103
32.7921, 117.2323
92109
32.7162, 117.1324
92102
33.0227, 117.1382
92127
32.7399, 117.1206
92104
32.8103, 117.1324
92123
32.8256, 117.1559
92111
32.7613, 117.0735
92115
32.8564, 117.2029
92122
33.0014, 117.0735
92128
32.7742, 117.1412
92108
32.7040, 117.0500
92114
32.8251, 117.2029
92117
32.9657, 117.1147
92129
32.7349, 117.0971
92105
32.8932, 117.0676
92131
32.7657, 117.2000
92110
32.7926, 117.0735
92120
32.7679, 117.1235
92116
32.6981, 117.1206
92113
32.6858, 117.0382
92139
32.8251, 117.0912
92124
32.7410, 117.2500
92107
32.8113, 117.0382
92119
32.7091, 117.2412
92106
32.9816, 117.0830
92199
32.7199, 117.1600
92112
32.9800, 117.0800
92150
32.8729, 117.1324
92145
32.7407, 117.2037
92140
32.7500, 117.2000
92186
32.7500, 117.2000
92137
32.7500, 117.2000
92138
32.7010, 117.2086
92135
32.6771, 117.1585
92155
32.7830, 117.1708
92168
32.9200, 117.1300
92196
32.7760, 117.0721
92182
32.7459, 117.2475
92167
33.0221, 117.0745
92198
32.7255, 117.2184
92147
34.0342, 118.3148
92192
32.7496, 117.1508
92163
32.7473, 117.1279
92164
32.7800, 117.1700
92171
32.7150, 117.1724
92132
32.7082, 117.2492
92152